30.12.19 synchr +

     |      0    |
------------------
   0 |      -9.45 
   1 |     -4.816 
   2 |      8.095 
   3 |      -8.76 
   4 |      1.165 
   5 |     -2.714 
   6 |     -9.461 
   7 |     -16.26 
   8 |      5.733 
   9 |      29.42 
  10 |      18.25 
  11 |      12.93 
  12 |      9.353 
  13 |      5.109 
  14 |     -7.117 
  15 |     -4.603 
  16 |     -9.819 
  17 |     -8.165 
  18 |     -8.899 

01.01.20 synchr -

   |      0    |                                                                                                                   
------------------                                                                                                                   
   0 |      8.801                                                                                                                    
   1 |      10.27                                                                                                                    
   2 |      24.67                                                                                                                    
   3 |      9.637                                                                                                                    
   4 |      13.12                                                                                                                    
   5 |       5.96                                                                                                                    
   6 |     -9.242                                                                                                                    
   7 |     0.8725                                                                                                                    
   8 |      14.86                                                                                                                    
   9 |     -109.9                                                                                                                    
  10 |      27.49                                                                                                                    
  11 |      18.01                                                                                                                    
  12 |      18.86                                                                                                                    
  13 |      18.02                                                                                                                    
  14 |      8.662                                                                                                                    
  15 |      6.849                                                                                                                    
  16 |   -0.02825                                                                                                                    
  17 |     -68.21                                                                                                                    
  18 |      1.275    
  
  02.01.20 synchr +
  
    |      0    |
------------------
   0 |     -12.43 
   1 |     -6.459 
   2 |      16.16 
   3 |    -0.7065 
   4 |     -1.629 
   5 |     -9.498 
   6 |     -15.48 
   7 |     -6.549 
   8 |      4.875 
   9 |      32.16 
  10 |      28.44 
  11 |      19.44 
  12 |      12.56 
  13 |      7.389 
  14 |     -9.035 
  15 |     -7.169 
  16 |      -19.4 
  17 |     -15.81 
  18 |     -16.87    
  
  03.01.20 synchr -
  
     |      0    |
------------------
   0 |      2.495 
   1 |       16.7 
   2 |      23.89 
   3 |      9.654 
   4 |       17.1 
   5 |      11.23 
   6 |      4.845 
   7 |      13.45 
   8 |      31.49 
   9 |     -198.7 
  10 |      38.56 
  11 |       24.9 
  12 |      17.94 
  13 |      22.84 
  14 |       9.73 
  15 |     0.9179 
  16 |       3.47 
  17 |     -59.94 
  18 |      9.399 

04.01.20 synchr -

   |      0    |
------------------
   0 |      2.495 
   1 |       16.7 
   2 |      23.89 
   3 |      9.654 
   4 |       17.1 
   5 |      11.23 
   6 |      4.845 
   7 |      13.45 
   8 |      31.49 
   9 |     -198.7 
  10 |      38.56 
  11 |       24.9 
  12 |      17.94 
  13 |      22.84 
  14 |       9.73 
  15 |     0.9179 
  16 |       3.47 
  17 |     -59.94 
  18 |      9.399 

05.01.20 synchr -

   |      0    |
------------------
   0 |     -16.84 
   1 |      2.612 
   2 |      29.29 
   3 |       7.51 
   4 |      -5.82 
   5 |     -15.02 
   6 |     -10.61 
   7 |      1.823 
   8 |      13.32 
   9 |      8.541 
  10 |      32.03 
  11 |       14.8 
  12 |      10.79 
  13 |      5.556 
  14 |     -6.492 
  15 |      -23.5 
  16 |      -17.4 
  17 |     -24.83 
  18 |     -5.749
  
  06.01.20 synchr -
  
      |      0    |
------------------
   0 |     -2.149 
   1 |      3.348 
   2 |      15.94 
   3 |     -3.749 
   4 |     -5.883 
   5 |     -6.763 
   6 |     -4.294 
   7 |     -3.714 
   8 |      23.39 
   9 |      24.43 
  10 |      24.56 
  11 |      5.716 
  12 |      1.089 
  13 |     -2.561 
  14 |     -13.86 
  15 |     -9.819 
  16 |      -6.08 
  17 |     -37.71 
  18 |     -1.904 

17.02.20 synchr -

    |      0    |
------------------
   0 |       9.33 
   1 |      9.397 
   2 |      18.54 
   3 |      7.879 
   4 |      10.36 
   5 |      8.151 
   6 |      7.328 
   7 |      1.582 
   8 |      6.702 
   9 |     -148.2 
  10 |      15.28 
  11 |      14.54 
  12 |      13.21 
  13 |      18.72 
  14 |      4.428 
  15 |      10.61 
  16 |     -5.769 
  17 |      -8.43 
  18 |      6.379 
  
  22.11.19 synchr +
  
     |      0    |
------------------
   0 |     -10.78 
   1 |      -3.95 
   2 |      10.57 
   3 |     -4.439 
   4 |     -5.612 
   5 |     -6.777 
   6 |     -8.724 
   7 |     -2.017 
   8 |      12.92 
   9 |      21.37 
  10 |       15.9 
  11 |      9.009 
  12 |      6.033 
  13 |      2.304 
  14 |     -2.227 
  15 |     -6.719 
  16 |     -16.99 
  17 |     -6.806 
  18 |     -3.069 
  
  13.02.20
  
     |      0    |
------------------
   0 |    -0.8719 
   1 |    -0.8113 
   2 |       1.01 
   3 |     -10.46 
   4 |      5.629 
   5 |      1.787 
   6 |     -4.443 
   7 |      -12.8 
   8 |      3.622 
   9 |      13.65 
  10 |      2.473 
  11 |       8.05 
  12 |      9.391 
  13 |      13.48 
  14 |     -2.466 
  15 |    -0.9087 
  16 |     -14.53 
  17 |     -11.95 
  18 |     0.1587 
  
  15.02.20
  
      |      0    |
------------------
   0 |     -11.75 
   1 |      2.181 
   2 |      9.074 
   3 |     -3.307 
   4 |      5.227 
   5 |     -1.865 
   6 |     -10.49 
   7 |     -1.284 
   8 |      5.293 
   9 |      10.05 
  10 |      1.045 
  11 |      5.774 
  12 |      8.366 
  13 |      17.39 
  14 |      3.704 
  15 |     -5.477 
  16 |     -18.79 
  17 |     -8.452 
  18 |     -6.687 

20.02.20

    |      0    |
------------------
   0 |     -2.674 
   1 |     -6.874 
   2 |      5.449 
   3 |      -6.38 
   4 |      1.858 
   5 |      -2.19 
   6 |     -9.007 
   7 |     -6.117 
   8 |      5.465 
   9 |      10.14 
  10 |     0.8786 
  11 |       6.89 
  12 |      7.531 
  13 |      9.337 
  14 |    -0.7882 
  15 |      1.427 
  16 |     -5.825 
  17 |     -6.536 
  18 |     -2.584 

21.02.20

    |      0    |
------------------
   0 |     -6.146 
   1 |      -8.12 
   2 |      7.393 
   3 |      -4.78 
   4 |      4.324 
   5 |     -1.206 
   6 |     -10.42 
   7 |     -11.31 
   8 |      3.743 
   9 |      16.17 
  10 |       8.75 
  11 |       1.88 
  12 |      8.807 
  13 |      9.564 
  14 |     0.1206 
  15 |     -2.792 
  16 |     -2.481 
  17 |     -6.693 
  18 |     -6.808 
  
25.02.20

     |      0    |
------------------
   0 |   -0.08208 
   1 |     -3.761 
   2 |      9.879 
   3 |    -0.9701 
   4 |      1.325 
   5 |     -4.003 
   6 |      -9.95 
   7 |     -7.777 
   8 |      3.765 
   9 |      17.19 
  10 |      10.83 
  11 |      14.14 
  12 |      13.25 
  13 |      8.163 
  14 |     -2.786 
  15 |     -9.036 
  16 |     -19.78 
  17 |     -10.01 
  18 |      -10.4 
  
27.02.20

    |      0    |
------------------
   0 |     -6.982 
   1 |      1.824 
   2 |      10.52 
   3 |       1.65 
   4 |      -3.48 
   5 |     -5.846 
   6 |     -9.821 
   7 |     -2.087 
   8 |      1.612 
   9 |      11.58 
  10 |      3.202 
  11 |      14.79 
  12 |      14.06 
  13 |      7.119 
  14 |     -4.825 
  15 |     -4.586 
  16 |     -14.74 
  17 |     -8.988 
  18 |     -5.004 
