      	x, m	y, m	z, m
HS1_1    -50.32 -142.50  0.90
HS1_2    -47.13	-291.61	 1.40
HS1_3	  97.60	-133.86	 0.99
HS1_4	 -53.74	   6.38	-0.21
HS1_5	 103.23	-280.00	 2.36
HS1_6	  96.06	  11.24	 0.08
HS1_7	-204.20    3.61	-0.35
HS1_8	-200.34	-146.03	 0.81
HS1_10	  24.86	-212.96	 0.95
HS1_12	 174.13	-212.24	 1.06
HS1_14	 170.60	 -62.05	 0.57
HS1_16	  21.27	 -64.73	 1.12
HS1_18	 251.45	-285.15	 1.65
HS1_19	 247.59	-135.24	 1.87
HS1_20	 243.67	  14.85	 0.71
HS1_21	 166.83	  87.97	 0.60
HS1_22	 16.76	  84.31	-0.50
HS1_23	-133.14	  80.50	-0.16
HS1_24	-128.68	 -69.61	 0.49
HS1_25	-125.08	-219.40	 0.77
HS1_26	 324.38	-208.30	 1.38
HS1_27	 320.52	 -58.34	 1.30
HS1_28	 316.71	  91.71	 0.42
HS1_29	 239.95	 164.77	-0.23
HS1_30	  89.89	 161.11	-0.66
HS1_31	 -60.04	 157.25	-0.05
HS1_32	-209.93	 153.63	 0.14
HS1_33	 401.09	-281.79	 2.04
HS1_34	 397.53	-131.46	 0.39
HS1_35	 393.64	  18.67	 1.06
HS1_36	 391.85	 168.56	 1.18
